 1000
 1.382460e+1   1.515560e+1   2.818280e+1   1.715790e+1   5.379670e+0
 2.947120e+1   3.166640e+1   1.383000e+1   2.198880e+1   2.973010e+1
 1.997810e+1   1.668200e+1   2.500850e+1   3.111930e+1   3.170790e+1
 1.834540e+1   1.945560e+1   1.842590e+1   3.411980e+1   3.209840e+1
 1.617880e+1   1.004150e+1   9.691440e+0   3.366900e+1   2.767860e+1
 1.261080e+1   7.511980e+0   1.558150e+1   1.128520e+1   1.713600e+1
 3.203380e+1   1.202040e+1   4.152550e+0  -8.566570e-1   9.156490e+0
 1.511150e+1   2.698570e+1   2.260690e+1   1.995960e+1   1.231570e+1
 1.924500e+1   1.798400e+1   3.792520e+1   2.076240e+1   2.893200e+1
 1.588370e+1   3.677350e+1   1.754840e+1   1.331420e+1   2.695450e+1
 2.250740e+1   1.792270e+1   1.769730e+1   3.478290e-1   2.438320e+1
 2.095140e+1   1.542860e+1   1.699680e+1   1.810350e+1   3.120950e+1
 2.034640e+1   3.366540e+1   1.929610e+1   1.354190e+1   1.335650e+1
 2.290810e+1   1.930590e+1   1.488740e+1   1.075180e+1   1.913530e+1
 3.604210e+1   1.102380e+1   4.281030e+1   8.641010e+0   2.809640e+1
 2.359460e+1   2.096420e+1   2.559940e+1   9.812970e+0   1.559380e+1
 1.399750e+1   3.261930e+1   2.949030e+1   2.632270e+1   3.362060e+1
 1.603080e+1   7.792220e+0   2.448150e+1   4.148930e+0   1.143790e+1
 2.732640e+1   4.074170e+0   2.867290e+1   3.073420e+1   1.665560e+1
 3.928010e+0   2.121010e+1   3.057190e+1   3.224710e+1   1.795320e+1
 2.801810e+1   3.139300e+1   2.756010e+1   2.156760e+1   3.778670e+1
 1.691750e+1   1.006060e+1   1.150330e+1   9.827360e+0   3.602270e+1
 3.724280e+1   2.051500e+1   1.907970e+1   1.976080e+1   1.225770e+1
 1.927780e+1   2.224130e+1   2.450410e+1   2.658920e+1   3.046100e+1
 3.171070e+1   1.901660e+1   2.182390e+1   8.275020e+0   2.466820e+1
 2.799130e+1   2.153220e+1   1.357100e+1   1.715590e+1   2.840940e+1
-5.475000e+0   2.272780e+1   1.961450e+1   8.664290e+0   1.063650e+1
 5.488870e+0   2.071130e+1   3.360780e+1   3.208880e-2   3.281330e+1
 3.084440e+1   1.409980e+1   3.806990e+1   2.902860e+1   4.008460e+1
 2.633830e+1   2.171570e+1   1.262300e+1   2.270490e+1   8.951850e+0
 1.999640e+1   2.298590e+1   2.784020e+1   3.020360e+1   2.455660e+1
 2.237540e+0   2.382230e+1  -2.195420e+0   3.657580e+1   2.094490e+1
 1.283080e+1   2.703120e+1   2.183280e+1   4.748570e+1   2.270330e+1
 5.247910e+0   2.622170e+1   1.564690e+1   1.086750e+1   2.115380e+1
 1.848850e+1   2.900920e+1   2.187090e+1   2.801050e+1   9.590730e+0
 8.210430e+0   1.425360e+1   7.893850e+0   2.149740e+0   2.502560e+1
 4.892360e+1   2.981780e+1   3.870210e+1   1.295940e+1   1.407990e+1
 1.790740e+1   2.037560e+1   2.358770e+1   1.852900e+1   7.434430e+0
 7.069840e+0   2.556490e+1   2.438090e+1   2.005270e+1   1.333830e+1
 2.395580e+1   7.490340e+0   3.430920e+1   4.138410e+1   2.796920e+1
 2.017870e+1   3.923140e+1   1.395900e+1   3.522010e+1   2.958760e+1
 5.237270e+0   1.918850e+1   1.830960e+1   1.073460e+1   1.191690e+1
 1.732840e+1   8.630920e+0   3.405500e+1   4.608300e+1   2.616680e+1
 2.555180e+1   2.678520e+1   2.505850e+1   1.265950e+1   1.812980e+1
 2.301790e+1   1.203510e+1   3.585900e+1   1.966230e+1   2.581630e+1
 2.271630e+1   2.043610e+1   2.970230e+1  -1.075350e+0   2.701100e+1
 1.437530e+1   2.923460e+1   1.876720e+1   8.729930e+0   1.795490e+1
 1.032540e+1   3.187170e+1   3.125890e+1   1.823610e+1   2.261680e+1
 3.169010e+1   4.207600e+1   2.367970e+1   7.591930e+0   2.176300e+1
 1.513690e+1   1.883220e+1   4.559900e+1   3.114260e+1   3.265700e+1
 1.538990e+1   7.824400e+0   2.034430e+1   3.437360e+1   2.493630e+1
 1.736680e+1   2.419780e+1   2.721760e+1  -4.712580e+0   3.620390e+1
 1.901620e+1   9.919350e+0   2.277570e+1   1.889840e+1   3.448230e+1
 1.769070e+1   1.153580e+1   1.834490e+1   2.506910e+1   3.212650e+1
 4.537850e+1   1.402480e+1   1.909750e+1   1.325870e+1   1.104820e+1
-3.840120e+0   2.983920e+1   1.514900e+1   2.254960e+1   3.674490e+1
 2.271440e+1   1.700580e+1   1.706910e+1   1.318880e+1   8.968460e+0
 2.044100e+1   2.597510e+1   2.092370e+1   3.657920e+1   2.339440e+1
 2.997840e+1   7.733600e+0   1.601640e+1   1.971560e+1   2.706770e+1
 9.831440e+0   2.373510e+1   3.808410e+1   1.933280e+1   3.287620e+0
 2.441560e+1   1.825590e+1   1.539460e+1   7.846160e+0   1.586050e+1
 2.681820e+1   3.127300e+1   1.959570e+1   1.798110e+1   1.569560e+1
 3.503300e+1   2.799420e+1   3.674360e+1   2.985690e+1   1.114640e+1
 2.291300e+1   5.218550e+0   1.754570e+1   1.923740e+1   3.287870e+1
 1.085530e+1   3.709030e+1   2.753280e+1  -1.648030e+0   2.175290e+1
 3.314860e+1   2.034350e+1   3.232530e+1   4.373720e+0   4.978810e+1
 3.240290e+1   1.692840e+1   1.254860e+1   1.139820e+1   2.860780e+1
 8.030620e+0   3.181320e+1   1.503000e+1   2.109240e+1   1.803960e+1
 9.715810e+0   1.834330e+1   3.615880e+1   2.030920e+1   1.542460e+1
 2.110990e+1   1.041970e+1   3.640810e+1   3.771200e+1   2.800170e+1
 9.214360e+0   1.165270e+0   1.145800e+1   9.101200e+0   1.318770e+1
 3.274870e+1   7.265290e+0   2.460350e+1   3.556450e+1   2.231670e+1
 2.875630e+1   2.259680e+1   1.165330e+1   9.833260e+0   2.061620e+1
-9.756210e-1   5.641720e+0   2.430500e+1   2.935050e+1   3.631690e+0
 2.444500e+1   1.801920e+1   2.008620e+1   1.126720e+1   3.024300e+1
 2.287720e+1   1.554970e+1   3.042220e+1   2.346100e+1   2.587100e+1
 1.238660e+1   3.722210e+1   1.648300e+1   1.760750e+1   4.259060e+1
 1.019330e+0   3.509710e+1   1.890550e+1   3.223870e+1   3.078400e+1
 2.329850e+1   2.224290e+1   1.491080e+1  -2.455020e+0   2.348260e+1
 2.010310e+1   1.715120e+1   1.386180e+1   3.659240e-1   3.809140e+1
 2.357910e+1  -5.031560e+0   9.517930e+0   1.130840e+1   2.553470e+1
 9.743890e+0   2.256460e+1   2.379530e+1   1.276040e+1  -3.135640e+0
 7.158130e+0   1.285580e+1   1.342620e+1   1.214470e+1   2.009820e+1
-5.654030e+0   7.926120e+0   3.228850e+1   2.421800e+1   1.933490e+1
-1.680490e+0   1.923530e+1   1.404450e+1   1.081610e+1   3.319300e+1
 2.025270e+1   2.169450e+1   2.128730e+1  -4.250100e+0  -4.885920e+0
 2.854720e+1   2.045440e+1   1.432400e+0   1.956460e+1   1.361170e+1
 3.136020e+1   3.220820e+1   1.893690e+1   1.067940e+1   5.909910e+0
 1.790430e+1   1.444540e+1   1.607880e+1   2.621820e+1   2.469950e+1
 2.421200e+1  -5.065150e-1   2.604730e+1   3.090230e+1   1.559190e+1
 1.817310e+1   2.606440e+1   2.904640e+1   1.513560e+1   1.874770e+1
 8.532750e+0   2.497880e+1   2.637440e+1   1.797200e+1   2.360480e+1
 2.708350e+1   1.746150e+1   3.104550e+1   3.327550e+1   1.738770e+1
 2.647500e+1   3.291340e+1   2.044680e+1   3.599470e+0   2.438390e+1
 1.223300e+1   1.563770e+1   2.141870e+1   1.574940e+1   2.408040e+1
 1.412350e+1   2.523840e+1   2.623980e+1   1.948130e+1   2.511160e+1
 3.711020e+1   1.896360e+1   3.839250e+1   1.801030e+1   1.986020e+1
 2.500800e+1   2.701900e+1   3.323980e+1   1.914020e+1   1.791540e+1
 2.078930e+1   2.243040e+1   3.548910e+1   1.367730e+1   2.184350e+1
 2.044810e+1   1.547270e+1   1.793810e+1   1.592040e+1   3.534030e+0
 4.538170e+1   2.887600e+1   2.995420e+1   1.991760e+1   4.746260e+1
 2.147590e+1   2.425550e+1   3.208080e+1   3.854900e+1   3.383480e+1
-1.318130e-1   3.081410e+1   5.847530e+0   2.107450e+1   3.043090e+1
 1.222900e+1   2.027060e+1   1.263800e+1  -5.748820e+0   2.462260e+1
 1.950860e+1   4.024690e+1   1.220450e+1   3.093660e+1  -6.776460e+0
 7.917580e+0   7.703010e+0   1.568500e+1   2.489300e+1   2.965190e+1
 3.422720e+1   2.644270e+1   1.578590e+1   2.674860e+1   2.086250e+1
 1.972680e+1   2.138320e+1   1.329070e+1   1.822840e+1   1.690450e+1
 1.841040e+1   3.420520e+1   2.271180e+1   1.961330e+1   5.867580e+0
 2.032180e+1   3.036850e+1   1.447200e+1   7.938100e+0   9.850900e+0
 1.985160e+1   1.382790e+1   2.953180e+1   2.273690e+1   6.174000e+0
 1.777700e+1   9.580070e+0   3.505840e+1   2.366610e+1   1.041460e+1
 8.988650e+0   1.585110e+1   1.691280e+1   2.097360e+1  -2.875370e+0
 8.947860e+0   1.031210e+1   4.334520e+1   3.741970e+1   1.714340e+1
 1.026620e+1   2.309280e+1   1.237560e+1   3.659340e+1   3.601920e+1
 6.690190e+0   1.665100e+1   5.915560e+0   2.007500e+1   4.345700e+0
 1.062660e+1   1.136800e+1   3.629440e+1   1.761600e+1   1.975680e+1
 2.746530e+1   1.866180e+1   1.904410e+1   1.049270e+1   1.918400e+1
 2.679280e+1   7.871670e+0   1.911380e+1   3.694050e+1   2.329930e+1
 2.272230e+0   2.050100e+1   1.130950e+1   7.709510e+0   1.662620e+1
 2.655960e+1   1.737270e+1  -5.320480e-1   2.309020e+1  -2.488920e+0
 1.037040e+1   4.932810e+1   1.787620e+1   1.866950e+1   8.331170e+0
 2.145020e+1   2.454280e+1   1.853720e+1   1.931440e+1   1.775490e+1
 9.394890e+0   2.039070e+1   2.289710e+1   2.527080e+1   1.761210e+1
 1.356900e+1   1.998380e+1   1.899730e+1   1.668160e+1   2.843290e+1
 1.764890e+1   2.025830e+1   2.578180e+1   6.949150e+0   9.421160e+0
 2.309370e+1   2.852350e+0   1.045390e+1   2.031050e+1   1.892190e+1
 4.731820e+1   1.981520e+1   2.207490e+1   2.632090e+1   2.350370e+1
 1.382210e+1   1.493870e+1   3.139650e+1   2.909720e+1   1.419420e+1
 2.700080e+1   1.128520e+0   5.413290e+0   2.686430e+0   2.498460e+1
 1.187500e+1   6.765420e+0   1.455110e+1   1.551020e+1   3.185650e+1
 1.655550e+1   3.447010e+1   1.950440e+1   1.277050e+1   3.182590e+1
 1.477140e+1   1.302130e+1   2.087910e+1   4.377850e+1   1.783620e+1
 2.234510e+1   2.724950e+1   3.065580e+1   2.390620e+0   2.463730e+1
 8.219290e+0   1.418680e+1   2.292770e+1   1.903650e+1   2.152030e+1
 1.734830e+1   2.667330e+1   2.444710e+1   1.459160e+1   2.977770e+1
 3.655290e+1   2.356880e+1   3.040150e+1  -4.099150e+0   1.774310e+1
 2.378040e+1   3.447720e+0  -2.110710e+0   3.403270e-1   4.105450e+0
 2.280440e+1   9.009020e+0   2.010990e+1   1.289650e+1   6.459470e+0
 1.337690e+1   2.526270e+1   1.711830e+1   3.232290e+1   2.253080e+1
 2.946650e+1   2.039680e+1   4.046150e+1   2.141620e+1   6.256770e+0
 3.576840e+1   3.224240e+0   2.023730e+1   2.305840e+1   2.600070e+1
 2.317200e+1   3.844470e+1   2.617970e+1   1.612250e+1   2.357720e+1
 9.624290e+0   1.667350e+1   2.136730e+1   2.696850e+1   1.311610e+1
 2.867250e+1   1.852440e+1   2.645830e+1   2.154790e+1   6.014040e+0
 7.952150e+0   2.472410e+1   1.490780e+1   2.844340e+1   2.678760e+1
 1.607770e+1   2.324850e+1   9.644000e+0   2.162570e+1   1.235900e+1
 1.287080e+1   1.472800e+1   1.942460e+1   1.858890e+1   1.441570e+1
 1.884730e+1   3.372860e+1   2.029980e+1   3.242420e+1   1.063840e+1
 1.292400e+1   2.215770e+1   1.476630e+1   2.364140e+1   3.381870e+1
 2.385280e+1   2.518550e+1   1.858800e+1   2.643900e+0   2.225620e+1
 2.237760e+1   2.519130e+1   1.940360e+1   8.795970e+0   1.647470e+1
 3.505780e+1   3.109830e-1   2.910090e+1   3.243130e+0   1.222800e+1
 1.919540e+1   1.556570e+1   1.887610e+1   1.191360e+1   4.487080e+0
 3.024850e+1   1.651290e+1   3.661180e+1   2.359180e+1   7.041730e+0
 9.225100e+0   2.889970e+1   2.987520e+1   6.308960e+0   3.484630e+1
 9.495810e+0   1.645970e+1   1.045950e+1   2.725700e+1   2.717650e+0
 4.337890e+1   4.335090e+1   2.576880e+1   3.157580e+1   2.378170e+1
 1.656880e+1   3.065640e+1   1.378410e+0   1.747950e+1   2.177840e+1
 1.456270e+1   1.034230e+1   1.373600e+1   2.187450e+1   1.633230e+1
-7.602700e+0   6.279720e+0   1.692610e+1   3.508080e+1   1.168660e+1
 1.028730e+1   2.468130e+1   2.044630e+1   6.831050e+0   1.397430e+1
 1.599080e+1   2.306220e+1   1.770220e+1   2.754270e+1  -3.710000e+0
 2.587390e+1   3.028630e+1   2.059110e+1   2.172410e+1   1.001270e+1
 2.914830e+1   1.558120e+1  -3.546970e+0   2.231660e+1   6.525150e+0
 1.985620e+1   9.929970e+0   3.778880e+1   1.496340e+0   8.831770e+0
 2.738380e+1   3.031210e+1   2.532440e+1   1.092580e+1   2.521590e+1
 3.706200e+0   1.331920e+1   9.609640e+0   4.952330e+0   2.798310e+1
 1.103530e+1   3.843520e+1   1.754880e+1  -1.289820e+1   9.352520e+0
 1.286170e+1   1.701990e+1   1.933010e+1   1.936420e+1   2.095070e+1
 1.717530e+1   1.030480e+1   3.228220e+1   2.251660e+1   8.873090e+0
 2.497180e+1   1.570700e+1   3.158060e+1   1.233800e+1   2.350120e+1
 2.318970e+1   3.079180e+1   1.322730e+1   3.798790e+0   9.614030e+0
 1.125340e+1   2.557760e+1   2.521210e+1   3.661890e+1   8.349070e+0
 7.689800e+0   1.771840e+1   2.358850e+1   1.456170e+1   7.243760e+0
 7.020710e+0   1.658090e+1   1.830740e+1   2.117890e+1   1.381090e+1
 5.730760e+0   3.687930e+1   2.058960e+0  -5.134190e+0   1.248770e+1
 1.576320e+1   1.446460e+0   3.349350e+1   3.663870e+1   1.245990e+1
 1.559870e+1   1.646820e+1   1.711870e+1   2.338440e+1   1.621540e+1
 2.244620e+1   7.402900e+0   1.283970e+1   9.842780e+0   2.513440e+1
 1.643230e+1   2.169600e+1   3.098260e+1   2.281030e+1   3.544820e+1
 1.202390e+1   2.514620e+1   2.451570e+1   3.117290e+1   4.014310e+0
 2.639830e+1   1.099990e+1   3.062540e+1   9.540760e+0   1.248480e+1
 2.318080e+1   8.841980e+0   1.336070e+1   1.058140e+1   2.725170e+0
 2.865660e+1   3.208920e+1   1.250250e+1   3.019220e+1   2.678640e+1
 2.924510e+1   7.901290e+0   3.026370e+1   2.006620e+1   1.484750e+1
 8.380910e+0   1.588880e+1   1.885250e+1   1.498680e+1   1.268930e+1
 6.131250e+0   3.621220e+1   1.652810e+1   5.032110e+0   1.689650e+1
-6.354980e+0   1.737580e+1   1.340530e+1   3.242000e+1   5.938110e+0
 2.513720e+1   2.803480e+1   1.697690e+1   2.614080e+1   1.918260e+1
 2.462530e+1   1.328040e+1   2.271940e+1   4.100490e+0   3.581940e+1
 4.693990e+0   2.799940e+1   1.617100e+1   1.793890e+1   4.583250e+1
-2.587920e+0   1.215850e+1   3.473680e+1   2.131620e+1   3.094190e+1
 1.488380e+1   3.162600e+1   3.705730e+1   1.968090e+1   1.597590e+1
 7.638820e+0   2.285870e+1   3.210110e+1  -4.451180e-1   3.545430e+1
 3.653420e+1   1.890530e+1   2.708950e+1   1.429330e+1   2.956860e+1
 3.802110e+1   4.154670e+1   2.879420e+1   4.042950e+1   2.847600e+1
 1.703770e+1   2.518220e+1   1.616890e+1   2.266980e+1   3.069160e+1
 1.201220e+1   2.931210e+1   1.603650e+1   1.337600e+1   2.814370e+1
 3.067100e+1   1.566270e+1   1.277890e+1   3.200120e+1   1.758330e+1