 500
 2.195780e+1   1.761540e+1   1.409860e+1   1.966780e+1   9.740280e+0
 8.162940e+0   1.568520e+1   1.123680e+1   2.057070e+1   1.182390e+1
 1.820590e+1   1.485820e+1   1.989710e+1   2.407560e+1   1.295780e+1
 1.779100e+1   3.268560e+1   1.974770e+1   1.305170e+1   2.369470e+0
 2.525190e+1   1.010210e+1   1.316330e+1   1.839010e+1   1.635000e+1
 2.121080e+1   1.121030e+1   2.072620e+1   1.285250e+1   1.097890e+1
 1.268010e+1   2.521510e+1   1.624080e+1   6.747930e+0   2.193840e+1
 1.777940e+1   2.194040e+1   1.937320e+1   1.884570e+1   6.012420e+0
 2.261460e+1   1.984090e+1   1.722510e+1   1.594320e+1   2.176820e+1
 2.454770e+1   1.872020e+1   1.448320e+1   6.403670e+0   1.284280e+1
 1.618440e+1   2.233360e+1   1.858340e+1   1.844130e+1   1.393260e+1
 1.072200e+1   1.394590e+1   1.542480e+1   1.867670e+1   5.783240e+0
 8.050180e+0   1.446150e+1   1.328850e+1   1.088150e+1   1.183190e+1
 1.517180e+1   9.665780e+0   1.271470e+1   2.714330e+1   1.455640e+1
 1.617080e+1   1.298110e+1   8.370670e+0   1.319950e+1   1.213720e+1
 1.571920e+1   1.548270e+1   1.221640e+1   1.988640e+1   1.383960e+1
 1.776440e+1   1.895270e+1   1.715060e+1   1.962210e+1   1.268650e+1
 1.673920e+1   9.696960e+0   1.219940e+1   3.642320e+0   1.509920e+1
 1.605410e+1   1.309720e+1   1.197560e+1   1.224830e+1   9.346780e+0
 1.799130e+1   1.671990e+1   1.968130e+1   7.585800e+0   4.652580e+0
 2.165960e+1   1.219070e+1   1.392080e+1   1.722210e+1   1.774640e+1
 1.120010e+1   1.613860e+1   1.039280e+1   1.186980e+1   1.728010e+1
 1.591800e+1   1.519160e+1   2.150810e+1   1.984690e+1   1.233360e+1
 1.704420e+1   1.764180e+1   1.696000e+1   1.358930e+1   1.034640e+1
 4.555580e+0   1.328460e+1   1.249370e+1   1.889310e+1   9.434660e+0
 1.470340e+1   8.809440e+0   1.832170e+1   1.014820e+1   2.395710e+1
 1.293170e+1   2.095940e+1   1.219060e+1   9.561910e+0   1.132820e+1
 1.147730e+1   1.772310e+1   1.832590e+1   9.273090e+0   9.284420e+0
 1.382570e+1   1.622760e+1   1.179970e+1   1.116320e+1   1.675800e+1
 1.507340e+1   1.170140e+1   1.147900e+1   1.346350e+1   1.428940e+1
 7.794970e+0   2.218990e+1   1.231680e+1   8.546770e+0   7.362790e+0
 2.153920e+1   4.045730e+0   4.429810e+0   1.384550e+1   1.008730e+1
 1.703640e+1   6.970060e+0   1.939340e+1   2.168660e+1   9.633600e+0
 1.520530e+1   1.342410e+1   1.243250e+1   1.014380e+1   1.898420e+1
 2.086880e+1   1.938440e+1   1.149980e+1   1.356950e+1   1.613360e+1
 1.956490e+1   1.193050e+1   1.636710e+1   2.107020e+1   1.534620e+1
 1.266670e+1   1.113020e+1   1.340130e+1   1.044590e+1   1.515720e+1
 1.926690e+1   1.652230e+1   1.821020e+1   1.457890e+1   1.124170e+1
 1.680780e+1   1.244630e+1   1.036010e+1   1.523830e+1   1.330270e+1
 1.955520e+1   1.157070e+1   1.486660e+1   6.200300e+0   1.422260e+1
 1.494460e+1   1.435210e+1   9.727540e+0   9.021660e+0   1.948630e+1
 2.006610e+1   1.325940e+1   1.076810e+1   1.242520e+1   1.289470e+1
 1.140480e+1   1.416310e+1   2.089230e+1   1.726530e+1   1.124540e+1
 1.919970e+1   1.207720e+1   7.643460e+0   1.056380e+1   2.068810e+1
 2.003760e+1   1.439420e+1   9.704170e+0   1.675140e+1   5.116830e+0
 1.007550e+1   1.473220e+1   1.932720e+1   1.919210e+1   1.614540e+1
 1.901670e+1   3.147500e+1   1.596550e+1   2.035130e+1   1.068750e+1
 9.154600e+0   1.323420e+1   8.317670e+0   1.705950e+1   1.824700e+1
 1.456850e+1   1.919590e+1   1.402140e+1   2.391930e+1   1.566770e+1
 9.391160e+0   9.800770e+0   1.160290e+1   2.513250e+1   1.986770e+1
 2.059090e+1   2.095170e+1   1.549310e+1   1.098000e+1   4.467750e+0
 1.849380e+1   2.383550e+1   9.939850e+0   1.685730e+1   7.698880e+0
 1.486780e+1   1.714190e+1   1.785790e+1   9.726790e+0   1.540120e+1
 1.291510e+1   1.585370e+1   1.292980e+1   1.272270e+1   5.884870e+0
 7.057890e+0   3.114390e+1   1.088640e+1   1.525360e+1   1.262350e+1
 1.542000e+1  -3.616390e+0   1.656410e+1   9.934250e+0   1.979210e+1
 1.697890e+1   2.294020e+1   1.031320e+0   1.963640e+1   1.386460e+1
 2.201110e+1   1.484770e+1   1.004020e+1   1.847980e+1   1.856870e+1
 1.573880e+1   1.558820e+1   1.826510e+1   1.826920e+1   1.288200e-1
 2.225760e+1   1.481820e+1   1.120800e+1   1.917450e+1   1.065720e+1
 1.914940e+1   1.322640e+1   1.478260e+1   9.427890e+0   1.513110e+1
 1.529520e+1   1.562520e+1   9.581980e+0   2.382000e+1   1.876280e+1
 1.417070e+1   1.754520e+1   1.397440e+1   1.401670e+1   1.469480e+1
 1.042280e+1   1.411380e+1   1.019080e+1   1.547760e+1   1.249120e+1
 1.215500e+1   2.207370e+1   1.942160e+1   1.967300e+1   9.908420e+0
 1.473230e+1   2.133640e+1   1.198160e+1   1.480640e+1   1.317760e+1
 2.127350e+1   9.544890e+0   1.803550e+1   1.996000e+1   1.524130e+1
 1.249200e+1   1.951410e+1   2.482860e+1   9.686320e+0   1.309230e+1
 1.350540e+1   1.454340e+1   2.253400e+1   1.603740e+1   2.088110e+1
 1.489830e+1   1.409870e+1   1.311370e+1   1.328460e+1   1.332570e+1
 1.403080e+1   2.200710e+1   2.159700e+1   1.098730e+1   8.961750e+0
 1.634970e+1   1.825770e+1   1.537990e+1   1.611610e+1   5.269400e+0
 1.469660e+1   1.240400e+1   1.711460e+1   8.073780e+0   2.062880e+1
 1.542160e+1   1.743980e+1   1.418310e+1   9.535240e+0   2.225860e+1
 2.005110e+1   1.446140e+1   1.763470e+1   1.386860e+1   8.758120e+0
 1.701630e+1   1.396800e+1   5.688400e+0   1.692150e+1   1.525680e+1
 1.460890e+1   1.602990e+1   2.207890e+1   5.226990e+0   1.343350e+1
 2.023940e+1   1.992390e+1   1.694290e+1   1.829560e+1   6.267900e+0
 1.359660e+1   2.344680e+1   1.194490e+1   9.314350e+0   7.795480e+0
 1.218650e+1   1.873170e+1   1.804160e+1   1.891790e+1   1.404040e+1
 2.005310e+1   1.284650e+1   1.999760e+1   1.325360e+1   1.414250e+1
 1.798530e+1   2.237860e+1   1.591040e+1   1.639580e+1   1.187700e+1
 1.471720e+1   1.680200e+1   2.126030e+1   1.740320e+1   2.888960e+1
 1.758890e+1   1.396730e+1   1.798060e+1   1.539050e+1   1.457140e+1
 1.850390e+1   1.799640e+1   6.947330e+0   1.641930e+1   8.917420e+0
 1.792950e+1   1.869860e+1   1.649750e+1   1.083700e+1   2.492990e+1
 1.590920e+1   1.206110e+1   1.198580e+1   1.014110e+1   1.112040e+1
 1.828030e+1   1.315830e+1   1.490640e+1   1.832110e+1   8.982710e-1
 1.751900e+1   1.075340e+1   1.112440e+1   1.771200e+1   9.529830e+0
 1.133500e+1   6.994670e+0   1.882190e+1   1.533400e+1   1.395330e+1
 1.600620e+1   8.227870e+0   1.275150e+1   1.184270e+1   1.438350e+1
 2.018130e+1   9.913210e+0   1.395930e+1   1.192900e+1   1.506100e+1
 1.428520e+1   2.648220e+1   1.009540e+1   8.567510e+0   1.187490e+1
 5.213070e+0   8.601140e+0   1.289760e+1   2.524960e+1   2.384270e+1
 6.096520e+0   2.824480e+1   9.048190e+0   1.493970e+1   1.642880e+1
 1.943300e+1   2.040490e+1   1.595720e+1   1.895720e+1   1.192940e+1
 1.670250e+1   1.586970e+1   8.934890e+0   1.644130e+1   1.846700e+1
 1.922890e+1   1.743790e+1   1.558420e+1   1.795880e+1   2.308710e+1
 6.315030e+0   9.330250e+0   1.097940e+1   1.445230e+1   8.594120e+0
 1.418160e+1   2.577460e+1   1.273200e+1   1.253240e+1   1.554670e+1