 750
 1.419770e+1   1.450240e+1   9.074250e+0   5.223820e+0   6.955680e+0
-2.113170e+0   1.333760e+1   1.671980e+1   1.346050e+1   1.314030e+1
 1.713680e+1   9.259040e+0   5.729860e+0   4.565230e+0   9.028960e-1
 4.156930e+0   8.058150e-1   1.412930e+1   8.716200e-1   1.033740e+1
 1.084930e+1   1.034870e+1   1.169100e+1   1.193300e+1   1.650950e+0
 9.494500e+0   1.239600e+1   8.465230e+0   8.554300e-1   1.787200e+1
 5.199380e+0   1.468530e+1   2.239140e+1  -1.930380e+0   1.038350e+1
 9.460580e+0   1.133690e+0   1.847760e+1   1.645240e+1   1.857350e+0
 1.202150e+1   8.922660e+0   1.203760e+1   1.908120e+1   8.953830e+0
 1.078270e+1   1.562590e+1   2.514240e+1   1.276160e+1   1.016580e+1
 1.442900e+0   2.125940e+1   1.174650e+1   6.427990e+0  -3.450860e+0
 1.785900e+1   1.155120e+1   2.051170e+1   7.200580e+0   8.223420e+0
 1.786760e+1   1.615750e+1   1.699870e+1   1.216990e+1   1.583040e+1
 1.289180e+1   9.193850e+0   1.376710e+1   1.582790e+1   1.144240e-1
 5.748560e+0   2.222870e+1   4.632990e+0   9.583930e+0   4.167070e+0
 1.361290e+1   5.021160e-1   1.227450e+1   7.043690e+0   7.571040e+0
 9.637440e+0   1.626190e+1   8.051030e+0   5.822970e+0   8.262880e+0
 1.141530e+1   9.259220e+0   1.224370e+1  -3.174210e+0   1.178380e+1
 1.033960e+1   1.237010e+1   1.094660e+1   8.789140e+0   6.601000e+0
 1.271340e+1   6.014920e+0   1.448610e+1   1.128490e+1   1.333040e+1
 6.579580e+0   2.385690e+0   5.795380e+0   1.299190e+1   1.615770e+1
 1.266140e+1   5.226040e+0   5.679750e+0   3.305280e+0   9.738210e+0
 1.136290e+1   1.000870e+1   6.963600e+0   1.384110e+1   6.979190e+0
 2.541400e+0   1.834250e+1   1.740770e+1   4.606950e+0   1.249520e+1
 6.280430e+0   1.095480e+1   1.637570e-3   6.302670e+0   1.083660e+1
 1.055160e+1  -8.867430e+0   8.624140e+0   2.279350e+1   5.745170e+0
 1.137120e+1   1.035850e+1   1.242440e+1   8.246540e+0   1.445970e+1
 8.997400e+0   9.289190e+0   7.448420e+0   1.588380e+1   5.859090e+0
-3.130260e+0   3.632340e+0   8.145580e+0   1.359480e+1   1.103730e+1
 9.735720e+0   4.844550e+0   1.753710e+1  -2.703600e+0   7.555520e+0
 9.815670e+0   8.269820e+0   1.374140e+1   1.254880e+1  -3.384300e+0
 8.484510e+0   1.133780e+1   7.652820e+0   1.078770e+1  -2.659700e+0
 1.387450e+1   1.200750e+1   6.932060e+0   1.037850e+1   8.089270e+0
 1.256280e+1   1.027890e+1   9.560770e+0   6.523070e+0   1.423830e+1
 4.871250e+0   1.041130e+1   9.550600e+0   1.617280e+1   7.830960e+0
 8.022180e+0   1.162150e+1   1.649260e+1   1.131800e+0   1.304260e+1
 1.299050e+1   8.043760e+0   4.720870e+0   7.001860e+0   7.418360e+0
 3.491680e+0   1.586420e+1   8.297440e+0   2.328230e+0   1.302010e+1
 1.584850e+1   1.778990e+1   9.861810e+0   1.676260e+1   2.383580e+1
-7.593110e-1   3.720660e+0   2.083780e+0   5.907790e+0   1.470460e+1
 1.014280e+1   8.885200e+0   1.174410e+1   6.487850e+0   1.218970e+1
 8.355760e+0   9.869500e+0   8.696880e+0   1.683620e+1   1.510270e+1
 4.219080e+0   9.236630e+0   1.160310e+1   8.975860e-2   9.880460e+0
 5.880360e+0   6.528970e+0   2.414900e+1   5.152290e+0   7.005330e+0
 1.071320e+1  -6.828930e+0   7.359050e+0   1.338040e+1   7.307780e+0
 1.592010e+1   8.606890e+0   9.498950e+0   1.057720e+1   6.054470e+0
 1.015040e+1   1.226020e+1   6.319750e-1   1.258730e+1   6.608440e+0
 1.887860e+1   9.288530e+0  -1.503690e+0   8.971230e+0   1.300070e+1
 1.239600e+1   8.303020e+0   5.586710e+0   1.139270e+1   5.527090e+0
 3.326600e+0   1.349480e+1   1.082370e+1   1.420580e+1   1.151000e+1
 1.217920e+1   4.468790e+0   1.601800e+1   1.683700e+1   8.890230e+0
 1.756690e+1   1.876380e+1   9.426730e+0   7.100230e+0   3.310310e+0
 1.080000e+1   1.205260e+1   4.454290e+0   2.077860e+1   1.474880e+1
 2.818490e+0  -4.004170e+0   1.153520e+1   4.548430e+0   2.101350e+1
 8.235910e+0   8.650240e+0   9.829720e+0   1.040520e+1   9.013320e+0
 4.899350e+0   5.518440e+0   9.374000e+0   2.354900e+1   2.992660e+0
 6.313430e+0  -2.871460e+0   8.568670e+0   9.099770e+0   3.646500e+0
 1.219290e+1   3.488170e+0   1.364270e+1   4.880600e+0   1.489770e+1
 1.510340e+1   4.582700e+0   1.050780e+1   9.775840e+0   6.261100e+0
 2.143870e+1   2.211540e+1   1.691660e+1   2.022980e+1   9.097750e+0
 1.514530e+1   4.969940e-1  -2.518100e-1   1.108180e+1   1.844510e+1
 7.724260e+0   1.057500e+1   1.632310e+1   9.944760e+0   1.120740e+1
 2.349020e+1   1.286940e+1   6.352550e-1   6.221510e+0   1.921810e+0
 7.173240e-1   1.111660e+1   7.867970e+0   8.402940e+0   1.611010e+1
 7.193440e+0   1.286260e+1   9.626480e+0   7.554090e+0   1.332530e+1
 6.021410e+0   9.604610e+0   9.038850e+0   7.436280e+0   1.635740e+1
 1.187990e+1   1.190510e+1   1.479350e+1   5.469990e+0   3.123840e+0
 1.159570e+1   8.591940e+0   1.562370e+1   1.703640e+1   1.085140e+1
 8.036310e-1   7.394850e+0   1.114940e+1   1.061250e+1   3.043720e+0
 1.130330e+1   8.084150e+0   2.227910e+1   2.957060e+0   2.129130e+0
 1.015610e+1   1.422050e+1   7.078910e+0   1.538680e+1   5.800710e+0
 9.971330e+0   6.263200e+0   1.519060e+1   4.647070e+0   1.536920e+0
 1.677050e+1   2.485370e+1   1.100750e+1   2.768600e+1   6.247910e+0
 1.575700e+1   6.027710e+0   1.319100e+1   1.747130e+1   3.935370e+0
 6.300560e+0   2.528500e-2   1.057430e+1   1.779300e+1   5.478140e+0
 1.051960e+1   1.165930e+1   1.311110e+1  -3.496260e-1   8.296560e+0
 7.509850e+0   5.050330e-1  -1.907160e+0   7.162430e+0   1.574080e+1
 9.178070e+0   7.002470e+0   1.453420e+0   1.707850e+1   1.258100e+1
-1.778950e+0   1.570980e+1   2.526740e+0   1.320900e+1   1.530430e+1
 6.709310e+0   1.248160e+1   1.208230e+1   5.730550e+0   1.355270e+1
 1.310990e+1   1.509070e+1   1.501770e+1   9.347570e+0   4.038590e+0
 1.522540e+1   1.005250e+1   5.138420e+0   2.976020e+0   9.328760e+0
 9.475060e+0   7.567510e+0   1.192180e+1   1.672300e+1   1.232290e+1
 3.520450e+0   1.673620e+1   1.556500e+1   1.429110e+1   1.301160e+1
 4.546770e+0   1.296670e+1   4.129350e+0   1.021800e+1   1.643610e+1
 1.048950e+1   1.265920e+1   9.683060e+0   1.366000e+1   1.770140e+1
 4.535010e+0   7.706000e+0   6.668600e+0   1.333480e+1   8.427670e+0
 1.654440e+1   7.424560e+0   5.301220e+0   6.776190e+0   1.216270e+1
 5.402860e+0   3.041570e+0   1.569780e+1   1.637970e+1  -2.154890e+0
 1.552050e+1   1.839220e+1   9.493710e+0   1.240190e+1   2.289180e+1
 9.600370e+0   1.697430e+1   9.493300e+0   1.796300e+1   1.137830e+1
 1.130780e+1  -7.486410e+0   1.651200e+1   1.382840e+1   1.429450e+1
 9.354290e+0   2.555890e+0   1.615440e+1   4.922110e-1   5.394920e+0
 6.756470e+0   1.276390e+0   8.780840e+0  -1.727080e+0   4.226940e+0
 7.032370e+0   1.201020e+1  -3.142420e-1   4.878420e+0   5.863670e+0
 5.288640e+0  -9.142870e+0   3.619540e+0   4.673500e+0   1.702210e+1
 1.316670e+0   1.325200e+1   2.891920e+1   3.743650e+0   1.318810e+1
 4.526420e+0   1.587340e+1   1.002840e+1   4.612870e+0   9.497100e+0
 1.629200e+1   1.967780e+1   1.056730e+1   7.907460e+0   1.131250e+1
 9.843810e+0   2.522180e+1   1.218140e+1   7.978530e+0   3.046560e+0
 1.536450e+1   1.436550e+1   1.039000e+1   1.507060e+1   1.114670e+1
-3.207620e+0   1.926760e+1   1.437780e+1   6.702420e+0   1.043140e+1
 9.582380e+0   2.130490e+1   4.458440e+0   2.277480e+1   9.025720e+0
 8.729690e+0   1.883710e+1   9.185430e+0   3.784320e+0   1.210820e+1
 1.530250e+1   2.178300e+1   1.004470e+1   2.869080e+0   4.669660e+0
 2.629400e+1   1.312090e+1   1.872180e+1   1.476540e+1   3.578090e+0
 1.940290e+1   7.285250e+0   1.238890e+1   5.697860e+0   1.575710e+1
 8.473970e+0   2.946690e+0   3.517900e+0   1.318310e+1   3.628260e+0
 1.461270e+1   2.606750e+0   1.308220e+1   1.055250e+1   1.391310e+1
 4.328680e+0   1.376170e+1   4.753800e+0   2.016180e+1   1.260690e+1
 1.149360e+1   6.427220e+0   1.191630e+1   2.027130e+0   2.409160e+1
 4.735160e+0   1.299240e+1   4.585250e+0   6.714540e+0   6.269580e+0
 9.060090e+0   5.783960e+0   4.089170e+0   1.849220e+1   4.125390e-1
 1.806090e+1   1.713420e+1   6.311050e+0   1.215710e+1   8.511110e+0
 1.319040e+1   1.008750e+1   1.290630e+1   1.007550e+1   1.862740e+1
 1.074870e+1   1.204750e+1   9.241980e+0   1.902630e+1   3.241670e+0
 6.071840e+0   5.753680e+0   7.479610e+0   8.563270e+0   7.501290e+0
 8.790700e+0   1.529060e+1   7.891810e+0   6.893080e+0   9.059950e+0
 1.141680e+1   3.844570e+0   9.449830e+0   6.261980e+0   1.136110e+0
 1.386030e+1   8.585810e+0   1.384140e+1   2.061880e+1   7.871200e+0
 1.090100e+1   6.802350e+0   8.917490e+0   1.431920e+1   1.744630e+1
-1.309700e+0   1.382050e+1   1.343300e+1   1.239500e+1   1.553480e+1
 1.536550e+1   5.501810e+0   1.205750e+1   1.293950e+1   1.424210e+1
 8.779560e+0   8.921530e+0   1.162140e+1   1.365990e+1   8.356160e+0
 1.033150e+1   2.306340e+0   1.305530e+1   3.331170e+0   1.150520e+1
 1.854590e+1   1.429530e+1   9.347380e+0   2.172510e+1   1.406340e+1
 1.965600e+1   1.102910e+1   6.699830e+0   1.188860e+1   1.386100e+1
 6.791010e+0   1.019990e+1  -4.554500e+0   1.195840e+1   4.590790e+0
 2.115170e+0   1.170540e+1   2.149440e+0   1.249660e+1   3.606440e+0
 7.870810e+0   1.654700e+1   1.455110e+1   2.034730e+1  -2.092740e+0
 1.799990e+1  -1.270840e+0   9.374020e+0   1.546910e+1   5.135330e+0
 1.184250e+1   1.184550e+1   6.337760e+0   3.920120e-1   1.170020e+1
 7.396370e+0   1.119190e+1   6.636470e-1   1.398110e+1   1.139890e+1
 1.848690e+1   1.671650e+1   6.174220e+0   2.097800e+1  -2.043220e+0
 4.512170e+0   1.334730e+1  -8.038050e-1   1.238320e+1   1.394650e+1
 7.644380e+0   1.313650e+1   1.650410e+1   1.779970e+1   1.767690e+1
 5.816590e+0   7.046980e+0   1.434920e+1   1.529480e+1   1.874720e+1
 1.403050e+1   6.797500e+0   1.534290e+1   8.995920e+0   1.418220e+1
 9.048880e+0   2.672010e+1   1.066910e+1   9.964980e+0   9.062400e+0
 8.097900e+0   1.386270e+1   2.983580e+0   1.849210e+1   2.866100e+0
 1.643090e+1   3.944880e+0   1.380590e+1   9.147180e+0   8.121040e+0
 1.219040e+1   1.520420e+1   6.770680e+0   9.335410e+0   1.786730e+1
 9.314830e+0   1.227460e+1   8.092930e+0   1.156060e+1   1.794880e+1
 2.115410e+1   1.161780e+1   1.044940e+1  -1.191360e+0   4.137410e+0
 1.023570e+1   1.009810e+1   7.888470e+0   1.750430e+1   1.854680e+1
 7.453680e+0   1.596260e+1  -2.152570e+0   1.189080e+1   1.909010e+1
 1.088320e+1  -8.237140e+0   5.913390e+0   8.440950e+0   2.432890e+1
 1.517670e+1   1.954370e+1   6.189800e+0   2.439050e+0   9.490700e+0
 9.204140e+0   1.004780e+1   1.518250e+1   7.618280e+0   7.843570e+0
 1.336780e+1   1.059430e+1   8.091850e+0   1.410190e+1   9.713980e+0